0	12	13	8	10	6	7	6	12	9	11
12	0	8	10	9	3	6	14	2	7	3
13	8	0	2	11	9	4	6	11	14	7
8	10	2	0	4	7	3	11	13	1	6
10	9	11	4	0	7	12	8	5	3	13
6	3	9	7	7	0	13	6	3	4	5
7	6	4	3	12	13	0	9	10	8	7
6	14	6	11	8	6	9	0	12	7	2
12	2	11	13	5	3	10	12	0	9	14
9	7	14	1	3	4	8	7	9	0	11
11	3	7	6	13	5	7	2	14	11	0